301730
301730
301730
301730
301730
301730
301730
301730
301730
301730
301730
301730
301730
301730
301730
301730
301730
301730
301730
301730
301730
301730
301730
301730
301730
301730
301730
301730
301730
301730
301730
301730
301730
301730
301730
301730
301730
301730
301730
301730
301730
301730
301730
301730
301730
301730
301730
301730
301730
301730
301730
301730
301730
301730
301730
301730
301730
301730
301730
301730
301730
301730
301730
301730
301730
301730
301730
301730
301730
301730
301730
301730
301730
301730
301730
301730
301730
301730
301730
301730
301730
301730
301730
301730
301730
301730
301730
301730
301730
301730
301730
301730
301730
301730
301730
301730
301730
301730
301730
301730
301730
301730
301730
301730
301730
301730
301730
301730
392139
968996
dad6da
f6f5f6
f3f2f3
d4cfd4
8e818e
351d35
301730
301730
301730
301730
301730
301730
301730
301730
301730
301730
301730
301730
301730
301730
301730
301730
473147
e2dfe2
ffffff
ffffff
ffffff
ffffff
ffffff
ffffff
d8d4d8
402940
301730
301730
301730
301730
301730
301730
301730
301730
301730
301730
301730
301730
301730
301730
311831
d2ccd2
ffffff
ffffff
ffffff
ffffff
ffffff
ffffff
ffffff
ffffff
bfb8bf
301730
301730
301730
301730
301730
301730
301730
301730
301730
301730
301730
301730
301730
301730
705f70
ffffff
ffffff
faf9fa
817181
392139
412a41
978a97
fefefe
ffffff
ffffff
584458
301730
301730
301730
301730
301730
301730
301730
301730
301730
301730
301730
301730
301730
bab2ba
ffffff
ffffff
928592
301730
301730
301730
301730
c6c0c6
ffffff
ffffff
9c909c
301730
301730
301730
301730
301730
301730
301730
301730
301730
301730
301730
301730
301730
e9e7e9
ffffff
ffffff
422b42
301730
301730
331a33
a398a3
ffffff
ffffff
ffffff
c5bec5
301730
301730
301730
301730
301730
301730
301730
301730
301730
301730
301730
301730
371f37
ffffff
ffffff
ebe9eb
301730
301730
422b42
ccc6cc
ffffff
fafafa
ffffff
ffffff
dfdbdf
301730
301730
301730
301730
301730
301730
301730
301730
301730
301730
301730
301730
442d44
ffffff
ffffff
dcd7dc
301730
5f4b5f
e9e7e9
ffffff
e3e0e3
5d495d
ffffff
ffffff
e9e7e9
301730
301730
301730
301730
301730
301730
301730
301730
301730
301730
301730
301730
442d44
ffffff
ffffff
dcd7dc
877987
fafafa
ffffff
c1b9c1
3c253c
382038
ffffff
ffffff
e8e5e8
301730
301730
301730
301730
301730
301730
301730
301730
301730
301730
301730
301730
382138
ffffff
ffffff
fefefe
ffffff
fdfdfd
958895
301730
301730
473147
ffffff
ffffff
dcd7dc
301730
301730
301730
301730
301730
301730
301730
301730
301730
301730
301730
301730
301730
edeaed
ffffff
ffffff
efedef
685668
301730
301730
301730
6d5c6d
ffffff
ffffff
beb6be
301730
301730
301730
301730
301730
301730
301730
301730
301730
301730
301730
301730
301730
c2bac2
ffffff
ffffff
968996
301730
301730
301730
301730
bdb5bd
ffffff
ffffff
908390
301730
301730
301730
301730
301730
301730
301730
301730
301730
301730
301730
301730
301730
7c6c7c
ffffff
ffffff
f8f7f8
7e6f7e
3a223a
412a41
9f939f
ffffff
ffffff
fdfdfd
473147
301730
301730
301730
301730
301730
301730
301730
301730
301730
301730
301730
301730
301730
341b34
dedade
ffffff
ffffff
ffffff
ffffff
ffffff
ffffff
ffffff
ffffff
a69ba6
301730
301730
301730
301730
301730
301730
301730
301730
301730
301730
301730
301730
301730
301730
301730
503b50
eceaec
ffffff
ffffff
ffffff
ffffff
ffffff
ffffff
c7c1c7
371f37
301730
301730
301730
301730
301730
301730
301730
301730
301730
301730
301730
301730
301730
301730
301730
301730
3f283f
a094a0
dfdbdf
f8f7f8
f4f3f4
d0cbd0
837483
321932
301730
301730
301730
301730
301730
301730
301730
301730
301730
301730
301730
301730
301730
301730
301730
301730
301730
301730
301730
301730
301730
301730
301730
301730
301730
301730
301730
301730
301730
301730
301730
301730
301730
301730
301730
301730
301730
301730
301730
301730
301730
301730
301730
301730
301730
301730
301730
301730
301730
301730
301730
301730
301730
301730
301730
301730
301730
301730
301730
301730
301730
301730
301730
301730
301730
301730
301730
301730
301730
301730
301730
301730
301730
301730
301730
301730
301730
301730
301730
301730
301730
301730
301730
301730
301730
301730
301730
301730
301730
301730
301730
301730
301730
301730
301730
301730
301730
301730
301730
301730
301730
301730
301730
301730
301730
301730
301730
301730
301730
301730
301730
301730
301730
301730
301730
301730
301730
301730
301730
301730
301730
301730
301730
301730
301730
301730
301730
301730
301730
301730
301730
301730
301730
301730
301730
301730
301730
301730
301730
301730
301730
301730
301730
301730
301730
301730
301730
301730
301730
301730
301730
301730
301730
301730
301730
301730
301730
301730
301730
301730
301730
301730
301730
301730
301730
301730
301730
301730
301730
301730
301730
301730
301730
301730
301730
301730
301730
301730
301730
301730
301730
301730
301730
301730
301730
301730
301730
301730
301730
301730
301730
301730
301730
301730
301730
301730
301730
301730
301730
301730
301730
301730
301730
301730
301730
301730
301730
301730
301730
301730
301730
301730
301730
301730
301730
301730
301730
301730
301730
301730
301730
301730
301730
301730
301730
301730
301730
301730
301730
301730
301730
301730
301730
301730
301730
301730
301730
301730
301730
301730
301730
301730
301730
301730
432c43
cdc7cd
ffffff
d8d4d8
301730
301730
301730
301730
301730
301730
301730
301730
301730
301730
301730
301730
301730
301730
301730
301730
301730
301730
301730
301730
5f4c5f
eae8ea
ffffff
ffffff
d8d4d8
301730
301730
301730
301730
301730
301730
301730
301730
301730
301730
301730
301730
301730
301730
301730
301730
301730
301730
301730
877987
fafafa
ffffff
ffffff
ffffff
d8d4d8
301730
301730
301730
301730
301730
301730
301730
301730
301730
301730
301730
301730
301730
301730
301730
301730
301730
371f37
b4abb4
ffffff
ffffff
ebe9eb
ffffff
ffffff
d8d4d8
301730
301730
301730
301730
301730
301730
301730
301730
301730
301730
301730
301730
301730
301730
301730
301730
301730
564156
faf9fa
ffffff
c9c2c9
4a354a
ffffff
ffffff
d8d4d8
301730
301730
301730
301730
301730
301730
301730
301730
301730
301730
301730
301730
301730
301730
301730
301730
301730
301730
8a7c8a
a095a0
321932
392139
ffffff
ffffff
d8d4d8
301730
301730
301730
301730
301730
301730
301730
301730
301730
301730
301730
301730
301730
301730
301730
301730
301730
301730
301730
301730
301730
392139
ffffff
ffffff
d8d4d8
301730
301730
301730
301730
301730
301730
301730
301730
301730
301730
301730
301730
301730
301730
301730
301730
301730
301730
301730
301730
301730
392139
ffffff
ffffff
d8d4d8
301730
301730
301730
301730
301730
301730
301730
301730
301730
301730
301730
301730
301730
301730
301730
301730
301730
301730
301730
301730
301730
392139
ffffff
ffffff
d8d4d8
301730
301730
301730
301730
301730
301730
301730
301730
301730
301730
301730
301730
301730
301730
301730
301730
301730
301730
301730
301730
301730
392139
ffffff
ffffff
d8d4d8
301730
301730
301730
301730
301730
301730
301730
301730
301730
301730
301730
301730
301730
301730
301730
301730
301730
301730
301730
301730
301730
392139
ffffff
ffffff
d8d4d8
301730
301730
301730
301730
301730
301730
301730
301730
301730
301730
301730
301730
301730
301730
301730
301730
301730
301730
301730
301730
301730
392139
ffffff
ffffff
d8d4d8
301730
301730
301730
301730
301730
301730
301730
301730
301730
301730
301730
301730
301730
301730
301730
301730
301730
301730
301730
301730
301730
392139
ffffff
ffffff
d8d4d8
301730
301730
301730
301730
301730
301730
301730
301730
301730
301730
301730
301730
301730
301730
301730
301730
301730
301730
a49aa4
ffffff
ffffff
ffffff
ffffff
ffffff
ffffff
ffffff
ffffff
ffffff
675467
301730
301730
301730
301730
301730
301730
301730
301730
301730
301730
301730
301730
301730
301730
a49aa4
ffffff
ffffff
ffffff
ffffff
ffffff
ffffff
ffffff
ffffff
ffffff
675467
301730
301730
301730
301730
301730
301730
301730
301730
301730
301730
301730
301730
301730
301730
a49aa4
ffffff
ffffff
ffffff
ffffff
ffffff
ffffff
ffffff
ffffff
ffffff
675467
301730
301730
301730
301730
301730
301730
301730
301730
301730
301730
301730
301730
301730
301730
301730
301730
301730
301730
301730
301730
301730
301730
301730
301730
301730
301730
301730
301730
301730
301730
301730
301730
301730
301730
301730
301730
301730
301730
301730
301730
301730
301730
301730
301730
301730
301730
301730
301730
301730
301730
301730
301730
301730
301730
301730
301730
301730
301730
301730
301730
301730
301730
301730
301730
301730
301730
301730
301730
301730
301730
301730
301730
301730
301730
301730
301730
301730
301730
301730
301730
301730
301730
301730
301730
301730
301730
301730
301730
301730
301730
301730
301730
301730
301730
301730
301730
301730
301730
301730
301730
301730
301730
301730
301730
301730
301730
301730
301730
301730
301730
301730
301730
301730
301730
301730
301730
301730
301730
301730
301730
301730
301730
301730
301730
301730
301730
301730
301730
301730
301730
301730
301730
301730
301730
301730
301730
301730
301730
301730
301730
301730
301730
301730
301730
301730
301730
301730
301730
301730
301730
301730
301730
301730
301730
301730
301730
301730
301730
301730
301730
301730
301730
301730
301730
301730
301730
301730
301730
301730
301730
301730
301730
301730
301730
301730
301730
301730
301730
301730
301730
301730
301730
301730
301730
301730
301730
301730
301730
301730
301730
301730
301730
301730
301730
301730
301730
301730
301730
301730
301730
301730
301730
301730
301730
301730
301730
301730
301730
301730
301730
301730
301730
301730
301730
301730
301730
301730
301730
301730
301730
301730
301730
301730
301730
301730
301730
301730
301730
301730
301730
301730
301730
301730
301730
301730
301730
301730
301730
301730
301730
635063
b6aeb6
e8e5e8
faf9fa
f1eff1
c6bfc6
726172
301730
301730
301730
301730
301730
301730
301730
301730
301730
301730
301730
301730
301730
301730
301730
301730
392139
b8afb8
ffffff
ffffff
ffffff
ffffff
ffffff
ffffff
ffffff
aba1ab
301730
301730
301730
301730
301730
301730
301730
301730
301730
301730
301730
301730
301730
301730
301730
341c34
e4e0e4
ffffff
ffffff
ffffff
ffffff
ffffff
ffffff
ffffff
ffffff
6c5a6c
301730
301730
301730
301730
301730
301730
301730
301730
301730
301730
301730
301730
301730
301730
301730
796979
c9c2c9
635063
371f37
452e45
8d7f8d
fbfbfb
ffffff
ffffff
ada3ad
301730
301730
301730
301730
301730
301730
301730
301730
301730
301730
301730
301730
301730
301730
301730
301730
301730
301730
301730
301730
301730
9c909c
ffffff
ffffff
b7aeb7
301730
301730
301730
301730
301730
301730
301730
301730
301730
301730
301730
301730
301730
301730
301730
301730
301730
301730
301730
301730
301730
7c6c7c
ffffff
ffffff
a094a0
301730
301730
301730
301730
301730
301730
301730
301730
301730
301730
301730
301730
301730
301730
301730
301730
301730
301730
301730
301730
301730
aaa0aa
ffffff
ffffff
635063
301730
301730
301730
301730
301730
301730
301730
301730
301730
301730
301730
301730
301730
301730
301730
301730
301730
301730
301730
301730
4b354b
f8f7f8
ffffff
cdc7cd
301730
301730
301730
301730
301730
301730
301730
301730
301730
301730
301730
301730
301730
301730
301730
301730
301730
301730
301730
301730
382038
d8d3d8
ffffff
f7f6f7
523d52
301730
301730
301730
301730
301730
301730
301730
301730
301730
301730
301730
301730
301730
301730
301730
301730
301730
301730
301730
341b34
c4bdc4
ffffff
fefefe
7c6c7c
301730
301730
301730
301730
301730
301730
301730
301730
301730
301730
301730
301730
301730
301730
301730
301730
301730
301730
301730
371f37
bfb8bf
ffffff
fdfdfd
827382
301730
301730
301730
301730
301730
301730
301730
301730
301730
301730
301730
301730
301730
301730
301730
301730
301730
301730
301730
452e45
d2ccd2
ffffff
f8f7f8
746374
301730
301730
301730
301730
301730
301730
301730
301730
301730
301730
301730
301730
301730
301730
301730
301730
301730
301730
301730
645264
eceaec
ffffff
e5e1e5
5b475b
301730
301730
301730
301730
301730
301730
301730
301730
301730
301730
301730
301730
301730
301730
301730
301730
301730
301730
301730
564156
fdfdfd
ffffff
ffffff
ffffff
ffffff
ffffff
ffffff
ffffff
ffffff
ffffff
361e36
301730
301730
301730
301730
301730
301730
301730
301730
301730
301730
301730
301730
301730
604d60
ffffff
ffffff
ffffff
ffffff
ffffff
ffffff
ffffff
ffffff
ffffff
ffffff
361e36
301730
301730
301730
301730
301730
301730
301730
301730
301730
301730
301730
301730
301730
604d60
ffffff
ffffff
ffffff
ffffff
ffffff
ffffff
ffffff
ffffff
ffffff
ffffff
361e36
301730
301730
301730
301730
301730
301730
301730
301730
301730
301730
301730
301730
301730
301730
301730
301730
301730
301730
301730
301730
301730
301730
301730
301730
301730
301730
301730
301730
301730
301730
301730
301730
301730
301730
301730
301730
301730
301730
301730
301730
301730
301730
301730
301730
301730
301730
301730
301730
301730
301730
301730
301730
301730
301730
301730
301730
301730
301730
301730
301730
301730
301730
301730
301730
301730
301730
301730
301730
301730
301730
301730
301730
301730
301730
301730
301730
301730
301730
301730
301730
301730
301730
301730
301730
301730
301730
301730
301730
301730
301730
301730
301730
301730
301730
301730
301730
301730
301730
301730
301730
301730
301730
301730
301730
301730
301730
301730
301730
301730
301730
301730
301730
301730
301730
301730
301730
301730
301730
301730
301730
301730
301730
301730
301730
301730
301730
301730
301730
301730
301730
301730
301730
301730
301730
301730
301730
301730
301730
301730
301730
301730
301730
301730
301730
301730
301730
301730
301730
301730
301730
301730
301730
301730
301730
301730
301730
301730
301730
301730
301730
301730
301730
301730
301730
301730
301730
301730
301730
301730
301730
301730
301730
301730
301730
301730
301730
301730
301730
301730
301730
301730
301730
301730
301730
301730
301730
301730
301730
301730
301730
301730
301730
301730
301730
301730
301730
301730
301730
301730
301730
301730
301730
301730
301730
301730
301730
301730
301730
301730
301730
301730
301730
301730
301730
301730
301730
301730
301730
301730
301730
301730
301730
301730
301730
301730
301730
301730
301730
301730
301730
301730
301730
301730
301730
301730
301730
301730
301730
301730
f6f4f6
ffffff
ffffff
ffffff
ffffff
ffffff
ffffff
ffffff
ffffff
8a7c8a
301730
301730
301730
301730
301730
301730
301730
301730
301730
301730
301730
301730
301730
301730
301730
f6f4f6
ffffff
ffffff
ffffff
ffffff
ffffff
ffffff
ffffff
ffffff
8a7c8a
301730
301730
301730
301730
301730
301730
301730
301730
301730
301730
301730
301730
301730
301730
301730
f6f4f6
ffffff
ffffff
ffffff
ffffff
ffffff
ffffff
ffffff
ffffff
746374
301730
301730
301730
301730
301730
301730
301730
301730
301730
301730
301730
301730
301730
301730
301730
301730
301730
301730
301730
351d35
bab1ba
ffffff
f9f8f9
7a6a7a
301730
301730
301730
301730
301730
301730
301730
301730
301730
301730
301730
301730
301730
301730
301730
301730
301730
301730
301730
3b233b
cac3ca
ffffff
eeecee
604d60
301730
301730
301730
301730
301730
301730
301730
301730
301730
301730
301730
301730
301730
301730
301730
301730
301730
301730
301730
432c43
d8d4d8
ffffff
dedade
4c364c
301730
301730
301730
301730
301730
301730
301730
301730
301730
301730
301730
301730
301730
301730
301730
301730
301730
301730
301730
301730
e4e0e4
ffffff
ffffff
ffffff
f2f1f2
bcb4bc
503b50
301730
301730
301730
301730
301730
301730
301730
301730
301730
301730
301730
301730
301730
301730
301730
301730
301730
301730
ffffff
ffffff
ffffff
ffffff
ffffff
ffffff
f2f1f2
513c51
301730
301730
301730
301730
301730
301730
301730
301730
301730
301730
301730
301730
301730
301730
301730
301730
301730
301730
341b34
452e45
776777
e0dce0
ffffff
ffffff
c2bbc2
301730
301730
301730
301730
301730
301730
301730
301730
301730
301730
301730
301730
301730
301730
301730
301730
301730
301730
301730
301730
301730
452e45
fbfbfb
ffffff
fbfbfb
361e36
301730
301730
301730
301730
301730
301730
301730
301730
301730
301730
301730
301730
301730
301730
301730
301730
301730
301730
301730
301730
301730
ebe9eb
ffffff
ffffff
442d44
301730
301730
301730
301730
301730
301730
301730
301730
301730
301730
301730
301730
301730
301730
301730
301730
301730
301730
301730
301730
5e4a5e
ffffff
ffffff
fdfdfd
341c34
301730
301730
301730
301730
301730
301730
301730
301730
301730
301730
301730
301730
301730
301730
817181
796879
483248
341b34
452f45
817181
edebed
ffffff
ffffff
c6bfc6
301730
301730
301730
301730
301730
301730
301730
301730
301730
301730
301730
301730
301730
301730
301730
e4e0e4
ffffff
ffffff
ffffff
ffffff
ffffff
ffffff
ffffff
fafafa
594559
301730
301730
301730
301730
301730
301730
301730
301730
301730
301730
301730
301730
301730
301730
513c51
ffffff
ffffff
ffffff
ffffff
ffffff
ffffff
ffffff
f2f1f2
6f5d6f
301730
301730
301730
301730
301730
301730
301730
301730
301730
301730
301730
301730
301730
301730
301730
3a223a
887a88
c6bfc6
e4e0e4
f9f8f9
f4f3f4
d4cfd4
978b97
432c43
301730
301730
301730
301730
301730
301730
301730
301730
301730
301730
301730
301730
301730
301730
301730
301730
301730
301730
301730
301730
301730
301730
301730
301730
301730
301730
301730
301730
301730
301730
301730
301730
301730
301730
301730
301730
301730
301730
301730
301730
301730
301730
301730
301730
301730
301730
301730
301730
301730
301730
301730
301730
301730
301730
301730
301730
301730
301730
301730
301730
301730
301730
301730
301730
301730
301730
301730
301730
301730
301730
301730
301730
301730
301730
301730
301730
301730
301730
301730
301730
301730
301730
301730
301730
301730
301730
301730
301730
301730
301730
301730
301730
301730
301730
301730
301730
301730
301730
301730
301730
301730
301730
301730
301730
301730
301730
301730
301730
301730
301730
301730
301730
301730
301730
301730
301730
301730
301730
301730
301730
301730
301730
301730
301730
301730
301730
301730
301730
301730
301730
301730
301730
301730
301730
301730
301730
301730
301730
301730
301730
301730
301730
301730
301730
301730
301730
301730
301730
301730
301730
301730
301730
301730
301730
301730
301730
301730
301730
301730
301730
301730
301730
301730
301730
301730
301730
301730
301730
301730
301730
301730
301730
301730
301730
301730
301730
301730
301730
301730
301730
301730
301730
301730
301730
301730
301730
301730
301730
301730
301730
301730
301730
301730
301730
301730
301730
301730
301730
301730
301730
301730
301730
301730
301730
301730
301730
301730
301730
301730
301730
301730
301730
301730
301730
301730
301730
301730
301730
301730
301730
301730
301730
301730
301730
301730
301730
301730
301730
301730
301730
301730
301730
301730
301730
301730
301730
301730
301730
301730
301730
301730
301730
301730
301730
301730
301730
301730
776777
ffffff
ffffff
9b8f9b
301730
301730
301730
301730
301730
301730
301730
301730
301730
301730
301730
301730
301730
301730
301730
301730
301730
301730
301730
301730
523d52
f6f4f6
ffffff
ffffff
9b8f9b
301730
301730
301730
301730
301730
301730
301730
301730
301730
301730
301730
301730
301730
301730
301730
301730
301730
301730
301730
3b233b
dfdbdf
ffffff
ffffff
ffffff
9b8f9b
301730
301730
301730
301730
301730
301730
301730
301730
301730
301730
301730
301730
301730
301730
301730
301730
301730
301730
301730
bcb4bc
ffffff
ffffff
ffffff
ffffff
9b8f9b
301730
301730
301730
301730
301730
301730
301730
301730
301730
301730
301730
301730
301730
301730
301730
301730
301730
301730
8f828f
ffffff
ffffff
cbc5cb
ffffff
ffffff
9b8f9b
301730
301730
301730
301730
301730
301730
301730
301730
301730
301730
301730
301730
301730
301730
301730
301730
301730
645264
fcfcfc
ffffff
b9b0b9
685568
ffffff
ffffff
9b8f9b
301730
301730
301730
301730
301730
301730
301730
301730
301730
301730
301730
301730
301730
301730
301730
301730
452f45
edeaed
ffffff
d3cdd3
371f37
675467
ffffff
ffffff
9b8f9b
301730
301730
301730
301730
301730
301730
301730
301730
301730
301730
301730
301730
301730
301730
301730
341b34
d0cbd0
ffffff
e7e4e7
432c43
301730
675467
ffffff
ffffff
9b8f9b
301730
301730
301730
301730
301730
301730
301730
301730
301730
301730
301730
301730
301730
301730
301730
a89da8
ffffff
f6f4f6
564156
301730
301730
675467
ffffff
ffffff
9b8f9b
301730
301730
301730
301730
301730
301730
301730
301730
301730
301730
301730
301730
301730
301730
564256
ffffff
ffffff
ffffff
ffffff
ffffff
ffffff
ffffff
ffffff
ffffff
ffffff
ffffff
ffffff
675467
301730
301730
301730
301730
301730
301730
301730
301730
301730
301730
301730
604d60
ffffff
ffffff
ffffff
ffffff
ffffff
ffffff
ffffff
ffffff
ffffff
ffffff
ffffff
ffffff
675467
301730
301730
301730
301730
301730
301730
301730
301730
301730
301730
301730
604d60
ffffff
ffffff
ffffff
ffffff
ffffff
ffffff
ffffff
ffffff
ffffff
ffffff
ffffff
ffffff
675467
301730
301730
301730
301730
301730
301730
301730
301730
301730
301730
301730
301730
301730
301730
301730
301730
301730
301730
675467
ffffff
ffffff
9b8f9b
301730
301730
301730
301730
301730
301730
301730
301730
301730
301730
301730
301730
301730
301730
301730
301730
301730
301730
301730
301730
301730
675467
ffffff
ffffff
9b8f9b
301730
301730
301730
301730
301730
301730
301730
301730
301730
301730
301730
301730
301730
301730
301730
301730
301730
301730
301730
301730
301730
675467
ffffff
ffffff
9b8f9b
301730
301730
301730
301730
301730
301730
301730
301730
301730
301730
301730
301730
301730
301730
301730
301730
301730
301730
301730
301730
301730
675467
ffffff
ffffff
9b8f9b
301730
301730
301730
301730
301730
301730
301730
301730
301730
301730
301730
301730
301730
301730
301730
301730
301730
301730
301730
301730
301730
301730
301730
301730
301730
301730
301730
301730
301730
301730
301730
301730
301730
301730
301730
301730
301730
301730
301730
301730
301730
301730
301730
301730
301730
301730
301730
301730
301730
301730
301730
301730
301730
301730
301730
301730
301730
301730
301730
301730
301730
301730
301730
301730
301730
301730
301730
301730
301730
301730
301730
301730
301730
301730
301730
301730
301730
301730
301730
301730
301730
301730
301730
301730
301730
301730
301730
301730
301730
301730
301730
301730
301730
301730
301730
301730
301730
301730
301730
301730
301730
301730
301730
301730
301730
301730
301730
301730
301730
301730
301730
301730
301730
301730
301730
301730
301730
301730
301730
301730
301730
301730
301730
301730
301730
301730
301730
301730
301730
301730
301730
301730
301730
301730
301730
301730
301730
301730
301730
301730
301730
301730
301730
301730
301730
301730
301730
301730
301730
301730
301730
301730
301730
301730
301730
301730
301730
301730
301730
301730
301730
301730
301730
301730
301730
301730
301730
301730
301730
301730
301730
301730
301730
301730
301730
301730
301730
301730
301730
301730
301730
301730
301730
301730
301730
301730
301730
301730
301730
301730
301730
301730
301730
301730
301730
301730
301730
301730
301730
301730
301730
301730
301730
301730
301730
301730
301730
301730
301730
301730
301730
301730
301730
301730
301730
301730
301730
301730
301730
301730
301730
301730
301730
301730
301730
301730
301730
301730
301730
301730
301730
301730
301730
301730
301730
301730
301730
301730
301730
301730
301730
301730
f9f8f9
ffffff
ffffff
ffffff
ffffff
ffffff
ffffff
ffffff
7a6a7a
301730
301730
301730
301730
301730
301730
301730
301730
301730
301730
301730
301730
301730
301730
301730
301730
f9f8f9
ffffff
ffffff
ffffff
ffffff
ffffff
ffffff
ffffff
7a6a7a
301730
301730
301730
301730
301730
301730
301730
301730
301730
301730
301730
301730
301730
301730
301730
301730
f9f8f9
ffffff
ffffff
ffffff
ffffff
ffffff
ffffff
ffffff
7a6a7a
301730
301730
301730
301730
301730
301730
301730
301730
301730
301730
301730
301730
301730
301730
301730
301730
f9f8f9
ffffff
aea4ae
301730
301730
301730
301730
301730
301730
301730
301730
301730
301730
301730
301730
301730
301730
301730
301730
301730
301730
301730
301730
301730
301730
f9f8f9
ffffff
aea4ae
301730
301730
301730
301730
301730
301730
301730
301730
301730
301730
301730
301730
301730
301730
301730
301730
301730
301730
301730
301730
301730
301730
f9f8f9
ffffff
afa5af
361e36
301730
301730
301730
301730
301730
301730
301730
301730
301730
301730
301730
301730
301730
301730
301730
301730
301730
301730
301730
301730
301730
f9f8f9
ffffff
ffffff
ffffff
f8f7f8
ccc6cc
796979
301730
301730
301730
301730
301730
301730
301730
301730
301730
301730
301730
301730
301730
301730
301730
301730
301730
301730
f9f8f9
ffffff
ffffff
ffffff
ffffff
ffffff
ffffff
b7aeb7
311831
301730
301730
301730
301730
301730
301730
301730
301730
301730
301730
301730
301730
301730
301730
301730
301730
f9f8f9
ffffff
ffffff
ffffff
ffffff
ffffff
ffffff
ffffff
807180
301730
301730
301730
301730
301730
301730
301730
301730
301730
301730
301730
301730
301730
301730
301730
301730
392139
321932
382138
493449
7e6f7e
e7e4e7
ffffff
ffffff
cfcacf
301730
301730
301730
301730
301730
301730
301730
301730
301730
301730
301730
301730
301730
301730
301730
301730
301730
301730
301730
301730
301730
574357
ffffff
ffffff
eeecee
301730
301730
301730
301730
301730
301730
301730
301730
301730
301730
301730
301730
301730
301730
301730
301730
301730
301730
301730
301730
301730
523d52
ffffff
ffffff
e5e2e5
301730
301730
301730
301730
301730
301730
301730
301730
301730
301730
301730
301730
301730
301730
301730
877987
7a6a7a
432c43
341b34
432c43
786778
e6e3e6
ffffff
ffffff
b5adb5
301730
301730
301730
301730
301730
301730
301730
301730
301730
301730
301730
301730
301730
301730
341c34
efedef
ffffff
ffffff
ffffff
ffffff
ffffff
ffffff
ffffff
faf9fa
533f53
301730
301730
301730
301730
301730
301730
301730
301730
301730
301730
301730
301730
301730
301730
6a586a
ffffff
ffffff
ffffff
ffffff
ffffff
ffffff
ffffff
f2f0f2
6c5b6c
301730
301730
301730
301730
301730
301730
301730
301730
301730
301730
301730
301730
301730
301730
301730
301730
665366
b0a6b0
e5e1e5
fafafa
f2f1f2
d3cdd3
978a97
412b41
301730
301730
301730
301730
301730
301730
301730
301730
301730
301730
301730
301730
301730
301730
301730
301730
301730
301730
301730
301730
301730
301730
301730
301730
301730
301730
301730
301730
301730
301730
301730
301730
301730
301730
301730
301730
301730
301730
301730
301730
301730
301730
301730
301730
301730
301730
301730
301730
301730
301730
301730
301730
301730
301730
301730
301730
301730
301730
301730
301730
301730
301730
301730
301730
301730
301730
301730
301730
301730
301730
301730
301730
301730
301730
301730
301730
301730
301730
301730
301730
301730
301730
301730
301730
301730
301730
301730
301730
301730
301730
301730
301730
301730
301730
301730
301730
301730
301730
301730
301730
301730
301730
301730
301730
301730
301730
301730
301730
301730
301730
301730
301730
301730
301730
301730
301730
301730
301730
301730
301730
301730
301730
301730
301730
301730
301730
301730
301730
301730
301730
301730
301730
301730
301730
301730
301730
301730
301730
301730
301730
301730
301730
301730
301730
301730
301730
301730
301730
301730
301730
301730
301730
301730
301730
301730
301730
301730
301730
301730
301730
301730
301730
301730
301730
301730
301730
301730
301730
301730
301730
301730
301730
301730
301730
301730
301730
301730
301730
301730
301730
301730
301730
301730
301730
301730
301730
301730
301730
301730
301730
301730
301730
301730
301730
301730
301730
301730
301730
301730
301730
301730
301730
301730
301730
301730
301730
301730
301730
301730
301730
301730
301730
301730
301730
301730
301730
301730
301730
301730
301730
301730
301730
301730
301730
301730
301730
301730
301730
301730
301730
301730
301730
301730
301730
301730
301730
301730
301730
301730
301730
301730
301730
301730
301730
301730
301730
301730
635163
b5adb5
e6e3e6
371f37
301730
301730
301730
301730
301730
301730
301730
301730
301730
301730
301730
301730
301730
301730
301730
301730
301730
301730
301730
4e384e
cbc4cb
ffffff
ffffff
ffffff
614e61
301730
301730
301730
301730
301730
301730
301730
301730
301730
301730
301730
301730
301730
301730
301730
301730
301730
301730
685568
f5f4f5
ffffff
ffffff
ffffff
ffffff
908390
301730
301730
301730
301730
301730
301730
301730
301730
301730
301730
301730
301730
301730
301730
301730
301730
301730
614e61
fafafa
ffffff
f7f6f7
a095a0
665366
4b354b
341b34
301730
301730
301730
301730
301730
301730
301730
301730
301730
301730
301730
301730
301730
301730
301730
301730
412a41
eceaec
ffffff
e8e5e8
503b50
301730
301730
301730
301730
301730
301730
301730
301730
301730
301730
301730
301730
301730
301730
301730
301730
301730
301730
301730
301730
a89da8
ffffff
faf9fa
554055
301730
301730
301730
301730
301730
301730
301730
301730
301730
301730
301730
301730
301730
301730
301730
301730
301730
301730
301730
301730
3f283f
fafafa
ffffff
b1a7b1
9b8f9b
e0dde0
faf9fa
eeecee
bbb3bb
594559
301730
301730
301730
301730
301730
301730
301730
301730
301730
301730
301730
301730
301730
301730
301730
7e6f7e
ffffff
ffffff
f6f4f6
ffffff
ffffff
ffffff
ffffff
ffffff
fafafa
746374
301730
301730
301730
301730
301730
301730
301730
301730
301730
301730
301730
301730
301730
301730
ada4ad
ffffff
ffffff
ffffff
ffffff
ffffff
ffffff
ffffff
ffffff
ffffff
f2f1f2
3e273e
301730
301730
301730
301730
301730
301730
301730
301730
301730
301730
301730
301730
301730
c2bac2
ffffff
ffffff
cfc9cf
645264
382038
3d263d
736273
f0eef0
ffffff
ffffff
7f707f
301730
301730
301730
301730
301730
301730
301730
301730
301730
301730
301730
301730
301730
c8c2c8
ffffff
ffffff
473147
301730
301730
301730
301730
8c7e8c
ffffff
ffffff
9d919d
301730
301730
301730
301730
301730
301730
301730
301730
301730
301730
301730
301730
301730
b3aab3
ffffff
ffffff
665366
301730
301730
301730
301730
958895
ffffff
ffffff
958895
301730
301730
301730
301730
301730
301730
301730
301730
301730
301730
301730
301730
301730
7c6c7c
ffffff
ffffff
e3e0e3
6a586a
3a223a
412b41
8b7d8b
fafafa
ffffff
ffffff
614e61
301730
301730
301730
301730
301730
301730
301730
301730
301730
301730
301730
301730
301730
341c34
e1dee1
ffffff
ffffff
ffffff
ffffff
ffffff
ffffff
ffffff
ffffff
cbc4cb
301730
301730
301730
301730
301730
301730
301730
301730
301730
301730
301730
301730
301730
301730
301730
523e52
e9e7e9
ffffff
ffffff
ffffff
ffffff
ffffff
ffffff
d9d5d9
422b42
301730
301730
301730
301730
301730
301730
301730
301730
301730
301730
301730
301730
301730
301730
301730
301730
3f283f
9a8e9a
dad6da
f7f6f7
f6f5f6
d4cfd4
8b7d8b
361e36
301730
301730
301730
301730
301730
301730
301730
301730
301730
301730
301730
301730
301730
301730
301730
301730
301730
301730
301730
301730
301730
301730
301730
301730
301730
301730
301730
301730
301730
301730
301730
301730
301730
301730
301730
301730
301730
301730
301730
301730
301730
301730
301730
301730
301730
301730
301730
301730
301730
301730
301730
301730
301730
301730
301730
301730
301730
301730
301730
301730
301730
301730
301730
301730
301730
301730
301730
301730
301730
301730
301730
301730
301730
301730
301730
301730
301730
301730
301730
301730
301730
301730
301730
301730
301730
301730
301730
301730
301730
301730
301730
301730
301730
301730
301730
301730
301730
301730
301730
301730
301730
301730
301730
301730
301730
301730
301730
301730
301730
301730
301730
301730
301730
301730
301730
301730
301730
301730
301730
301730
301730
301730
301730
301730
301730
301730
301730
301730
301730
301730
301730
301730
301730
301730
301730
301730
301730
301730
301730
301730
301730
301730
301730
301730
301730
301730
301730
301730
301730
301730
301730
301730
301730
301730
301730
301730
301730
301730
301730
301730
301730
301730
301730
301730
301730
301730
301730
301730
301730
301730
301730
301730
301730
301730
301730
301730
301730
301730
301730
301730
301730
301730
301730
301730
301730
301730
301730
301730
301730
301730
301730
301730
301730
301730
301730
301730
301730
301730
301730
301730
301730
301730
301730
301730
301730
301730
301730
301730
301730
301730
301730
301730
301730
301730
301730
301730
301730
301730
301730
301730
301730
301730
301730
301730
301730
301730
301730
301730
301730
301730
301730
301730
301730
301730
301730
301730
301730
301730
301730
301730
9e929e
ffffff
ffffff
ffffff
ffffff
ffffff
ffffff
ffffff
ffffff
ffffff
f6f4f6
301730
301730
301730
301730
301730
301730
301730
301730
301730
301730
301730
301730
301730
301730
9e929e
ffffff
ffffff
ffffff
ffffff
ffffff
ffffff
ffffff
ffffff
ffffff
f6f4f6
301730
301730
301730
301730
301730
301730
301730
301730
301730
301730
301730
301730
301730
301730
9e929e
ffffff
ffffff
ffffff
ffffff
ffffff
ffffff
ffffff
ffffff
ffffff
e7e4e7
301730
301730
301730
301730
301730
301730
301730
301730
301730
301730
301730
301730
301730
301730
301730
301730
301730
301730
301730
301730
301730
6b596b
ffffff
ffffff
8d7f8d
301730
301730
301730
301730
301730
301730
301730
301730
301730
301730
301730
301730
301730
301730
301730
301730
301730
301730
301730
301730
301730
d4cfd4
ffffff
edeaed
382038
301730
301730
301730
301730
301730
301730
301730
301730
301730
301730
301730
301730
301730
301730
301730
301730
301730
301730
301730
301730
6f5d6f
ffffff
ffffff
8e818e
301730
301730
301730
301730
301730
301730
301730
301730
301730
301730
301730
301730
301730
301730
301730
301730
301730
301730
301730
301730
301730
d8d3d8
ffffff
eeecee
382138
301730
301730
301730
301730
301730
301730
301730
301730
301730
301730
301730
301730
301730
301730
301730
301730
301730
301730
301730
301730
736273
ffffff
ffffff
918491
301730
301730
301730
301730
301730
301730
301730
301730
301730
301730
301730
301730
301730
301730
301730
301730
301730
301730
301730
301730
311831
dbd6db
ffffff
efedef
392139
301730
301730
301730
301730
301730
301730
301730
301730
301730
301730
301730
301730
301730
301730
301730
301730
301730
301730
301730
301730
776777
ffffff
ffffff
938693
301730
301730
301730
301730
301730
301730
301730
301730
301730
301730
301730
301730
301730
301730
301730
301730
301730
301730
301730
301730
321932
dedade
ffffff
f1eff1
3b233b
301730
301730
301730
301730
301730
301730
301730
301730
301730
301730
301730
301730
301730
301730
301730
301730
301730
301730
301730
301730
7b6b7b
ffffff
ffffff
958895
301730
301730
301730
301730
301730
301730
301730
301730
301730
301730
301730
301730
301730
301730
301730
301730
301730
301730
301730
301730
331a33
e1dee1
ffffff
f2f0f2
3c243c
301730
301730
301730
301730
301730
301730
301730
301730
301730
301730
301730
301730
301730
301730
301730
301730
301730
301730
301730
301730
7f707f
ffffff
ffffff
978b97
301730
301730
301730
301730
301730
301730
301730
301730
301730
301730
301730
301730
301730
301730
301730
301730
301730
301730
301730
301730
341b34
e5e1e5
ffffff
f2f1f2
3c253c
301730
301730
301730
301730
301730
301730
301730
301730
301730
301730
301730
301730
301730
301730
301730
301730
301730
301730
301730
301730
837483
ffffff
ffffff
9a8e9a
301730
301730
301730
301730
301730
301730
301730
301730
301730
301730
301730
301730
301730
301730
301730
301730
301730
301730
301730
301730
301730
301730
301730
301730
301730
301730
301730
301730
301730
301730
301730
301730
301730
301730
301730
301730
301730
301730
301730
301730
301730
301730
301730
301730
301730
301730
301730
301730
301730
301730
301730
301730
301730
301730
301730
301730
301730
301730
301730
301730
301730
301730
301730
301730
301730
301730
301730
301730
301730
301730
301730
301730
301730
301730
301730
301730
301730
301730
301730
301730
301730
301730
301730
301730
301730
301730
301730
301730
301730
301730
301730
301730
301730
301730
301730
301730
301730
301730
301730
301730
301730
301730
301730
301730
301730
301730
301730
301730
301730
301730
301730
301730
301730
301730
301730
301730
301730
301730
301730
301730
301730
301730
301730
301730
301730
301730
301730
301730
301730
301730
301730
301730
301730
301730
301730
301730
301730
301730
301730
301730
301730
301730
301730
301730
301730
301730
301730
301730
301730
301730
301730
301730
301730
301730
301730
301730
301730
301730
301730
301730
301730
301730
301730
301730
301730
301730
301730
301730
301730
301730
301730
301730
301730
301730
301730
301730
301730
301730
301730
301730
301730
301730
301730
301730
301730
301730
301730
301730
301730
301730
301730
301730
301730
301730
301730
301730
301730
301730
301730
301730
301730
301730
301730
301730
301730
301730
301730
301730
301730
301730
301730
301730
301730
301730
301730
301730
301730
301730
301730
301730
301730
301730
301730
301730
301730
301730
301730
301730
301730
301730
301730
301730
301730
301730
301730
301730
301730
301730
301730
301730
301730
301730
301730
301730
301730
301730
301730
3c243c
968996
d8d3d8
f6f5f6
f8f7f8
dad6da
8e808e
392139
301730
301730
301730
301730
301730
301730
301730
301730
301730
301730
301730
301730
301730
301730
301730
301730
4e384e
e7e4e7
ffffff
ffffff
ffffff
ffffff
ffffff
ffffff
e7e4e7
4c364c
301730
301730
301730
301730
301730
301730
301730
301730
301730
301730
301730
301730
301730
301730
301730
d3cdd3
ffffff
ffffff
ffffff
ffffff
ffffff
ffffff
ffffff
ffffff
c5bec5
301730
301730
301730
301730
301730
301730
301730
301730
301730
301730
301730
301730
301730
301730
4d374d
ffffff
ffffff
fcfcfc
8b7d8b
3f283f
412b41
988c98
ffffff
ffffff
fafafa
301730
301730
301730
301730
301730
301730
301730
301730
301730
301730
301730
301730
301730
301730
564156
ffffff
ffffff
c2bac2
301730
301730
301730
301730
d4cfd4
ffffff
f2f0f2
301730
301730
301730
301730
301730
301730
301730
301730
301730
301730
301730
301730
301730
301730
371f37
f2f1f2
ffffff
e6e3e6
3c243c
301730
301730
3c243c
edeaed
ffffff
b8afb8
301730
301730
301730
301730
301730
301730
301730
301730
301730
301730
301730
301730
301730
301730
301730
827382
ffffff
ffffff
e0dde0
776777
4f3a4f
d0cbd0
ffffff
eceaec
4a354a
301730
301730
301730
301730
301730
301730
301730
301730
301730
301730
301730
301730
301730
301730
301730
301730
7b6b7b
f3f2f3
ffffff
ffffff
ffffff
ffffff
dad6da
4e394e
301730
301730
301730
301730
301730
301730
301730
301730
301730
301730
301730
301730
301730
301730
301730
301730
301730
817281
f2f0f2
ffffff
ffffff
ffffff
ffffff
f3f2f3
8a7b8a
301730
301730
301730
301730
301730
301730
301730
301730
301730
301730
301730
301730
301730
301730
301730
301730
9d919d
ffffff
fbfbfb
948794
463046
897b89
e7e4e7
ffffff
ffffff
a297a2
301730
301730
301730
301730
301730
301730
301730
301730
301730
301730
301730
301730
301730
301730
5e4a5e
fefefe
ffffff
837483
301730
301730
301730
3a223a
cfc9cf
ffffff
fefefe
523e52
301730
301730
301730
301730
301730
301730
301730
301730
301730
301730
301730
301730
301730
a499a4
ffffff
ffffff
523e52
301730
301730
301730
301730
998d99
ffffff
ffffff
7c6c7c
301730
301730
301730
301730
301730
301730
301730
301730
301730
301730
301730
301730
301730
a69ba6
ffffff
ffffff
cbc4cb
5a465a
371f37
3c253c
756475
efedef
ffffff
ffffff
705f70
301730
301730
301730
301730
301730
301730
301730
301730
301730
301730
301730
301730
301730
685668
ffffff
ffffff
ffffff
ffffff
ffffff
ffffff
ffffff
ffffff
ffffff
e8e5e8
371f37
301730
301730
301730
301730
301730
301730
301730
301730
301730
301730
301730
301730
301730
301730
9c909c
ffffff
ffffff
ffffff
ffffff
ffffff
ffffff
ffffff
ebe9eb
594559
301730
301730
301730
301730
301730
301730
301730
301730
301730
301730
301730
301730
301730
301730
301730
301730
564156
b1a8b1
e7e4e7
fafafa
f5f4f5
d4cfd4
938693
3c253c
301730
301730
301730
301730
301730
301730
301730
301730
301730
301730
301730
301730
301730
301730
301730
301730
301730
301730
301730
301730
301730
301730
301730
301730
301730
301730
301730
301730
301730
301730
301730
301730
301730
301730
301730
301730
301730
301730
301730
301730
301730
301730
301730
301730
301730
301730
301730
301730
301730
301730
301730
301730
301730
301730
301730
301730
301730
301730
301730
301730
301730
301730
301730
301730
301730
301730
301730
301730
301730
301730
301730
301730
301730
301730
301730
301730
301730
301730
301730
301730
301730
301730
301730
301730
301730
301730
301730
301730
301730
301730
301730
301730
301730
301730
301730
301730
301730
301730
301730
301730
301730
301730
301730
301730
301730
301730
301730
301730
301730
301730
301730
301730
301730
301730
301730
301730
301730
301730
301730
301730
301730
301730
301730
301730
301730
301730
301730
301730
301730
301730
301730
301730
301730
301730
301730
301730
301730
301730
301730
301730
301730
301730
301730
301730
301730
301730
301730
301730
301730
301730
301730
301730
301730
301730
301730
301730
301730
301730
301730
301730
301730
301730
301730
301730
301730
301730
301730
301730
301730
301730
301730
301730
301730
301730
301730
301730
301730
301730
301730
301730
301730
301730
301730
301730
301730
301730
301730
301730
301730
301730
301730
301730
301730
301730
301730
301730
301730
301730
301730
301730
301730
301730
301730
301730
301730
301730
301730
301730
301730
301730
301730
301730
301730
301730
301730
301730
301730
301730
301730
301730
301730
301730
301730
301730
301730
301730
301730
301730
301730
301730
301730
301730
301730
301730
301730
301730
301730
301730
301730
301730
301730
301730
493349
a79ca7
e1dee1
f9f8f9
f4f3f4
d3ced3
8e818e
382138
301730
301730
301730
301730
301730
301730
301730
301730
301730
301730
301730
301730
301730
301730
301730
301730
675467
f3f2f3
ffffff
ffffff
ffffff
ffffff
ffffff
ffffff
dcd8dc
422b42
301730
301730
301730
301730
301730
301730
301730
301730
301730
301730
301730
301730
301730
301730
412a41
f2f1f2
ffffff
ffffff
ffffff
ffffff
ffffff
ffffff
ffffff
ffffff
c6bfc6
301730
301730
301730
301730
301730
301730
301730
301730
301730
301730
301730
301730
301730
301730
938593
ffffff
ffffff
e1dee1
675467
382138
493449
978a97
fdfdfd
ffffff
ffffff
554055
301730
301730
301730
301730
301730
301730
301730
301730
301730
301730
301730
301730
301730
c1b9c1
ffffff
ffffff
675467
301730
301730
301730
301730
aaa0aa
ffffff
ffffff
8a7b8a
301730
301730
301730
301730
301730
301730
301730
301730
301730
301730
301730
301730
301730
c7c1c7
ffffff
ffffff
685568
301730
301730
301730
301730
756575
ffffff
ffffff
9e929e
301730
301730
301730
301730
301730
301730
301730
301730
301730
301730
301730
301730
301730
a89da8
ffffff
ffffff
e5e2e5
6d5c6d
3b233b
361e36
5a465a
c2bbc2
ffffff
ffffff
998d99
301730
301730
301730
301730
301730
301730
301730
301730
301730
301730
301730
301730
301730
574357
fcfcfc
ffffff
ffffff
ffffff
ffffff
ffffff
ffffff
ffffff
ffffff
ffffff
8a7b8a
301730
301730
301730
301730
301730
301730
301730
301730
301730
301730
301730
301730
301730
301730
8a7b8a
fefefe
ffffff
ffffff
ffffff
ffffff
ffffff
ffffff
ffffff
ffffff
6d5c6d
301730
301730
301730
301730
301730
301730
301730
301730
301730
301730
301730
301730
301730
301730
301730
614e61
c0b8c0
f0eef0
fbfbfb
e5e1e5
a095a0
d4cfd4
ffffff
fcfcfc
3b233b
301730
301730
301730
301730
301730
301730
301730
301730
301730
301730
301730
301730
301730
301730
301730
301730
301730
301730
301730
301730
533f53
fdfdfd
ffffff
c3bcc3
301730
301730
301730
301730
301730
301730
301730
301730
301730
301730
301730
301730
301730
301730
301730
301730
301730
301730
301730
301730
3e273e
dad6da
ffffff
ffffff
614e61
301730
301730
301730
301730
301730
301730
301730
301730
301730
301730
301730
301730
301730
301730
301730
301730
301730
301730
301730
594559
e0dce0
ffffff
ffffff
aca2ac
301730
301730
301730
301730
301730
301730
301730
301730
301730
301730
301730
301730
301730
301730
301730
301730
301730
361e36
635163
b4abb4
fdfdfd
ffffff
ffffff
c3bcc3
361e36
301730
301730
301730
301730
301730
301730
301730
301730
301730
301730
301730
301730
301730
301730
301730
301730
301730
807180
ffffff
ffffff
ffffff
f6f5f6
978b97
321932
301730
301730
301730
301730
301730
301730
301730
301730
301730
301730
301730
301730
301730
301730
301730
301730
301730
301730
402940
edeaed
cac3ca
8d7f8d
432c43
301730
301730
301730
301730
301730
301730
301730
301730
301730
301730
301730
301730
301730
301730
301730
301730
301730
301730
301730
301730
301730
301730
301730
301730
301730
301730
301730
301730
301730
301730
301730
301730
301730
301730
301730
301730
301730
301730
301730
301730
301730
301730
301730
301730
301730
301730
301730
301730
301730
301730
301730
301730
301730
301730
301730
301730
301730
301730
301730
301730
301730
301730
301730
301730
301730
301730
301730
301730
301730
301730
301730
301730
301730
301730
301730
301730
301730
301730
301730
301730
301730
301730
301730
301730
301730
301730
301730
301730
301730
301730
301730
301730
301730
301730
301730
301730
301730
301730
301730
301730
301730
301730
301730
301730
301730
301730
301730
301730
301730
301730
301730
301730
301730
301730
301730
301730
301730
301730
301730
301730
301730
301730
301730
301730
301730
301730
301730
301730
301730
301730
301730
301730
301730
301730
301730
301730
301730
